triangle {
   <-1,0,0>,
   <-0.788675,-0.386192,-0.191158>,
   <-0.788675,-0.191158,-0.386192> 
   texture { cubetexture3 }
}
triangle {
   <-0.57735,-0.57735,-0.57735>,
   <-0.788675,-0.191158,-0.386192>,
   <-0.788675,-0.386192,-0.191158> 
   texture { cubetexture3 }
}
triangle {
   <1,0,0>,
   <0.788675,-0.386192,0.191158>,
   <0.788675,-0.191158,0.386192> 
   texture { cubetexture3 }
}
triangle {
   <0.57735,-0.57735,0.57735>,
   <0.788675,-0.191158,0.386192>,
   <0.788675,-0.386192,0.191158> 
   texture { cubetexture3 }
}
triangle {
   <0,1,0>,
   <0.191158,0.788675,-0.386192>,
   <0.386192,0.788675,-0.191158> 
   texture { cubetexture3 }
}
triangle {
   <0.57735,0.57735,-0.57735>,
   <0.386192,0.788675,-0.191158>,
   <0.191158,0.788675,-0.386192> 
   texture { cubetexture3 }
}
triangle {
   <0,-1,0>,
   <-0.386192,-0.788675,0.191158>,
   <-0.191158,-0.788675,0.386192> 
   texture { cubetexture3 }
}
triangle {
   <-0.57735,-0.57735,0.57735>,
   <-0.191158,-0.788675,0.386192>,
   <-0.386192,-0.788675,0.191158> 
   texture { cubetexture3 }
}
triangle {
   <0,0,-1>,
   <-0.386192,-0.191158,-0.788675>,
   <-0.191158,-0.386192,-0.788675> 
   texture { cubetexture3 }
}
triangle {
   <-0.57735,-0.57735,-0.57735>,
   <-0.191158,-0.386192,-0.788675>,
   <-0.386192,-0.191158,-0.788675> 
   texture { cubetexture3 }
}
triangle {
   <0,0,-1>,
   <0.191158,-0.386192,-0.788675>,
   <0.386192,-0.191158,-0.788675> 
   texture { cubetexture3 }
}
triangle {
   <0.57735,-0.57735,-0.57735>,
   <0.386192,-0.191158,-0.788675>,
   <0.191158,-0.386192,-0.788675> 
   texture { cubetexture3 }
}
triangle {
   <0,0,1>,
   <-0.386192,0.191158,0.788675>,
   <-0.191158,0.386192,0.788675> 
   texture { cubetexture3 }
}
triangle {
   <-0.57735,0.57735,0.57735>,
   <-0.191158,0.386192,0.788675>,
   <-0.386192,0.191158,0.788675> 
   texture { cubetexture3 }
}
triangle {
   <0,0,1>,
   <0.191158,0.386192,0.788675>,
   <0.386192,0.191158,0.788675> 
   texture { cubetexture3 }
}
triangle {
   <0.57735,0.57735,0.57735>,
   <0.386192,0.191158,0.788675>,
   <0.191158,0.386192,0.788675> 
   texture { cubetexture3 }
}
triangle {
   <0,0,1>,
   <0.386192,-0.191158,0.788675>,
   <0.191158,-0.386192,0.788675> 
   texture { cubetexture3 }
}
triangle {
   <0.57735,-0.57735,0.57735>,
   <0.191158,-0.386192,0.788675>,
   <0.386192,-0.191158,0.788675> 
   texture { cubetexture3 }
}
triangle {
   <0,0,1>,
   <-0.191158,-0.386192,0.788675>,
   <-0.386192,-0.191158,0.788675> 
   texture { cubetexture3 }
}
triangle {
   <-0.57735,-0.57735,0.57735>,
   <-0.386192,-0.191158,0.788675>,
   <-0.191158,-0.386192,0.788675> 
   texture { cubetexture3 }
}
triangle {
   <0,0,-1>,
   <-0.191158,0.386192,-0.788675>,
   <-0.386192,0.191158,-0.788675> 
   texture { cubetexture3 }
}
triangle {
   <-0.57735,0.57735,-0.57735>,
   <-0.386192,0.191158,-0.788675>,
   <-0.191158,0.386192,-0.788675> 
   texture { cubetexture3 }
}
triangle {
   <0,0,-1>,
   <0.386192,0.191158,-0.788675>,
   <0.191158,0.386192,-0.788675> 
   texture { cubetexture3 }
}
triangle {
   <0.57735,0.57735,-0.57735>,
   <0.191158,0.386192,-0.788675>,
   <0.386192,0.191158,-0.788675> 
   texture { cubetexture3 }
}
triangle {
   <-1,0,0>,
   <-0.788675,0.191158,-0.386192>,
   <-0.788675,0.386192,-0.191158> 
   texture { cubetexture3 }
}
triangle {
   <-0.57735,0.57735,-0.57735>,
   <-0.788675,0.386192,-0.191158>,
   <-0.788675,0.191158,-0.386192> 
   texture { cubetexture3 }
}
triangle {
   <-0.57735,0.57735,-0.57735>,
   <-0.191158,0.788675,-0.386192>,
   <-0.386192,0.788675,-0.191158> 
   texture { cubetexture3 }
}
triangle {
   <0,1,0>,
   <-0.386192,0.788675,-0.191158>,
   <-0.191158,0.788675,-0.386192> 
   texture { cubetexture3 }
}
triangle {
   <0,1,0>,
   <0.386192,0.788675,0.191158>,
   <0.191158,0.788675,0.386192> 
   texture { cubetexture3 }
}
triangle {
   <0.57735,0.57735,0.57735>,
   <0.191158,0.788675,0.386192>,
   <0.386192,0.788675,0.191158> 
   texture { cubetexture3 }
}
triangle {
   <0.57735,0.57735,0.57735>,
   <0.788675,0.386192,0.191158>,
   <0.788675,0.191158,0.386192> 
   texture { cubetexture3 }
}
triangle {
   <1,0,0>,
   <0.788675,0.191158,0.386192>,
   <0.788675,0.386192,0.191158> 
   texture { cubetexture3 }
}
triangle {
   <0.57735,-0.57735,-0.57735>,
   <0.191158,-0.788675,-0.386192>,
   <0.386192,-0.788675,-0.191158> 
   texture { cubetexture3 }
}
triangle {
   <0,-1,0>,
   <0.386192,-0.788675,-0.191158>,
   <0.191158,-0.788675,-0.386192> 
   texture { cubetexture3 }
}
triangle {
   <-0.57735,0.57735,0.57735>,
   <-0.386192,0.788675,0.191158>,
   <-0.191158,0.788675,0.386192> 
   texture { cubetexture3 }
}
triangle {
   <0,1,0>,
   <-0.191158,0.788675,0.386192>,
   <-0.386192,0.788675,0.191158> 
   texture { cubetexture3 }
}
triangle {
   <-0.57735,-0.57735,0.57735>,
   <-0.788675,-0.386192,0.191158>,
   <-0.788675,-0.191158,0.386192> 
   texture { cubetexture3 }
}
triangle {
   <-1,0,0>,
   <-0.788675,-0.191158,0.386192>,
   <-0.788675,-0.386192,0.191158> 
   texture { cubetexture3 }
}
triangle {
   <-1,0,0>,
   <-0.788675,0.386192,0.191158>,
   <-0.788675,0.191158,0.386192> 
   texture { cubetexture3 }
}
triangle {
   <-0.57735,0.57735,0.57735>,
   <-0.788675,0.191158,0.386192>,
   <-0.788675,0.386192,0.191158> 
   texture { cubetexture3 }
}
triangle {
   <0,-1,0>,
   <-0.191158,-0.788675,-0.386192>,
   <-0.386192,-0.788675,-0.191158> 
   texture { cubetexture3 }
}
triangle {
   <-0.57735,-0.57735,-0.57735>,
   <-0.386192,-0.788675,-0.191158>,
   <-0.191158,-0.788675,-0.386192> 
   texture { cubetexture3 }
}
triangle {
   <0,-1,0>,
   <0.191158,-0.788675,0.386192>,
   <0.386192,-0.788675,0.191158> 
   texture { cubetexture3 }
}
triangle {
   <0.57735,-0.57735,0.57735>,
   <0.386192,-0.788675,0.191158>,
   <0.191158,-0.788675,0.386192> 
   texture { cubetexture3 }
}
triangle {
   <1,0,0>,
   <0.788675,0.386192,-0.191158>,
   <0.788675,0.191158,-0.386192> 
   texture { cubetexture3 }
}
triangle {
   <0.57735,0.57735,-0.57735>,
   <0.788675,0.191158,-0.386192>,
   <0.788675,0.386192,-0.191158> 
   texture { cubetexture3 }
}
triangle {
   <1,0,0>,
   <0.788675,-0.191158,-0.386192>,
   <0.788675,-0.386192,-0.191158> 
   texture { cubetexture3 }
}
triangle {
   <0.57735,-0.57735,-0.57735>,
   <0.788675,-0.386192,-0.191158>,
   <0.788675,-0.191158,-0.386192> 
   texture { cubetexture3 }
}
